HUYEN 6 1 1 55 14 56 14 57 14 58 14 59 14 60 14 
DSD 7 1 0 66 20 66 21 66 22 66 23 66 24 66 25 66 26 
LOC 8 1 0 77 19 77 18 77 17 76 17 75 17 75 18 76 18 77 18 
s 20 3 0 85 13 84 13 83 13 82 13 81 13 80 13 79 13 78 13 77 13 76 13 75 13 74 13 73 13 72 13 71 13 70 13 69 13 68 13 67 13 66 13 
huyen 12 1 0 81 14 81 13 82 13 83 13 83 12 83 11 83 10 83 9 84 9 85 9 86 9 85 9 
u 19 2 0 35 14 35 15 35 16 35 17 35 18 35 19 35 20 35 21 35 22 35 23 36 23 37 23 38 23 39 23 40 23 41 23 41 24 41 25 41 26 
d 27 4 1 85 17 85 16 85 15 85 14 84 14 83 14 82 14 81 14 80 14 80 13 80 12 79 12 78 12 77 12 76 12 75 12 74 12 73 12 72 12 71 12 70 12 69 12 68 12 67 12 66 12 65 12 64 12 
huyen 15 2 0 50 14 50 13 50 12 49 12 48 12 47 12 46 12 45 12 44 12 43 12 42 12 41 12 40 12 39 12 39 13 
huyen 14 1 0 77 16 78 16 78 15 78 14 78 13 78 12 78 11 78 10 79 10 80 10 81 10 82 10 82 9 82 8 
huyen 8 1 0 63 12 64 12 65 12 66 12 66 11 66 10 66 9 66 8 
huyen 15 1 0 87 19 88 19 89 19 90 19 91 19 92 19 93 19 94 19 95 19 96 19 97 19 98 19 99 19 100 19 101 19 
huyen 12 1 0 81 15 81 14 81 13 81 12 81 11 82 11 83 11 83 12 83 13 83 14 82 14 81 14 
huyen 9 1 0 100 15 100 16 100 17 100 18 100 19 100 20 100 21 100 22 101 22 
huyen 14 1 0 94 17 95 17 96 17 97 17 97 16 97 15 97 14 97 13 97 12 97 11 98 11 99 11 100 11 101 11 
huyen 8 1 0 40 15 39 15 38 15 37 15 36 15 35 15 34 15 33 15 
huyen 25 3 0 54 17 54 18 54 19 54 20 54 21 54 22 53 22 52 22 51 22 50 22 49 22 48 22 47 22 46 22 45 22 44 22 43 22 42 22 41 22 40 22 39 22 39 23 39 24 39 25 39 26 
huyen 28 3 0 80 19 81 19 82 19 83 19 84 19 85 19 86 19 87 19 88 19 89 19 90 19 91 19 92 19 93 19 94 19 95 19 96 19 97 19 98 19 99 19 100 19 100 20 100 21 100 22 100 23 100 24 100 25 100 26 
huyen 29 3 0 56 17 55 17 54 17 53 17 53 18 53 19 53 20 53 21 53 22 54 22 55 22 56 22 57 22 58 22 59 22 60 22 60 23 60 24 60 25 59 25 58 25 57 25 56 25 55 25 54 25 53 25 53 24 53 23 53 22 
huyen 29 4 1 71 10 72 10 73 10 74 10 75 10 76 10 77 10 78 10 79 10 80 10 81 10 82 10 83 10 84 10 85 10 86 10 87 10 88 10 89 10 90 10 91 10 92 10 93 10 94 10 95 10 96 10 97 10 98 10 99 10 
